t44977886_20170812_4596894.mp3,1.50E+12,1,294,4,42,37,73,24,0
t65153763_20170812_8729871.mp3,1.50E+12,2,736,23,71,89,29,55,0
t48143512_20170812_9929699.mp3,1.50E+12,2,310,17,36,41,19,6,0
t33794699_20170812_8425784.mp3,1.50E+12,2,300,10,38,33,6,32,1
t24811748_20170812_8615376.mp3,1.50E+12,2,300,12,42,33,9,62,0
t25471651_20170812_3385912.mp3,1.50E+12,1,78,13,14,11,80,68,0
t99685447_20170812_4598849.mp3,1.50E+12,1,290,3,32,36,36,26,0
t39539593_20170812_6649877.mp3,1.50E+12,1,104,8,12,16,79,24,1
t41663233_20170812_6587529.mp3,1.50E+12,2,300,14,34,50,65,27,0
t61794997_20170812_7984222.mp3,1.50E+12,1,243,12,31,28,45,95,0
t22244594_20170812_2648666.mp3,1.50E+12,2,156,12,25,26,9,41,0
t64813677_20170812_1213427.mp3,1.50E+12,1,697,3,91,86,97,56,1
t13133678_20170812_9742151.mp3,1.50E+12,1,605,16,81,83,91,53,0
t29185811_20170812_5125626.mp3,1.50E+12,2,736,8,71,89,58,2,0
t54715856_20170812_4646823.mp3,1.50E+12,3,846,10,113,147,17,21,0
t35466248_20170812_7337576.mp3,1.50E+12,1,549,12,57,76,64,40,0
t71868376_20170812_6263856.mp3,1.50E+12,2,670,17,90,89,96,21,0
t59339376_20170812_2578318.mp3,1.50E+12,1,775,11,71,98,34,17,0
t46522728_20170812_9159842.mp3,1.50E+12,2,279,11,40,37,53,27,0
t84665152_20170812_7153143.mp3,1.50E+12,1,219,15,29,22,34,8,0
t93628789_20170812_8833317.mp3,1.50E+12,1,409,28,49,56,52,8,0
t44526571_20170812_8618789.mp3,1.50E+12,1,238,8,29,33,22,8,0
t86129195_20170812_5935768.mp3,1.50E+12,1,39,26,5,4,4,12,0
t91762939_20170812_7346596.mp3,1.50E+12,3,341,30,54,39,83,49,0
t23671418_20170812_9379523.mp3,1.50E+12,2,344,7,64,42,26,16,0
t44987196_20170812_3232564.mp3,1.50E+12,1,73,23,5,3,52,88,0
t76693448_20170812_6234379.mp3,1.50E+12,1,220,2,38,28,57,71,0
t33811397_20170812_1159436.mp3,1.50E+12,1,232,15,36,21,18,2,0
t92829249_20170812_2353482.mp3,1.50E+12,2,548,18,52,52,46,12,0
t99683863_20170812_8968223.mp3,1.50E+12,3,208,19,25,23,6,66,0
t41682166_20170812_8681148.mp3,1.50E+12,2,517,24,69,58,44,6,0
t75411383_20170812_9677918.mp3,1.50E+12,1,1101,16,98,175,63,19,0
t57531749_20170812_2642872.mp3,1.50E+12,1,2946,19,413,350,42,58,0
t39376362_20170812_1171983.mp3,1.50E+12,2,278,29,27,28,76,17,0
t65241328_20170812_9954248.mp3,1.50E+12,2,517,20,69,58,80,1,1
t51365866_20170812_7138189.mp3,1.50E+12,2,225,7,35,29,87,71,0
t94544784_20170812_8181718.mp3,1.50E+12,1,73,9,5,3,56,4,1
t89126524_20170812_9533652.mp3,1.50E+12,1,359,15,38,31,98,2,0
t19874543_20170812_8644911.mp3,1.50E+12,1,213,18,29,30,59,19,0
t57783252_20170812_1515684.mp3,1.50E+12,2,174,29,18,17,99,84,0
t78686975_20170812_9743829.mp3,1.50E+12,2,224,9,23,21,97,88,0
t67445364_20170812_8665964.mp3,1.50E+12,1,942,4,95,117,66,61,0
t61521924_20170812_5386457.mp3,1.50E+12,2,107,2,18,16,77,55,0
t17112756_20170812_8822141.mp3,1.50E+12,1,268,26,36,37,85,23,1
t26488971_20170812_4174711.mp3,1.50E+12,2,2109,16,368,372,95,18,0
t24117699_20170812_6983925.mp3,1.50E+12,2,107,21,20,15,24,23,0
t28964255_20170812_6624159.mp3,1.50E+12,2,174,30,18,17,60,50,0
t25929621_20170812_9764847.mp3,1.50E+12,1,697,22,91,86,98,34,0
t63682566_20170812_6863276.mp3,1.50E+12,1,623,27,79,64,57,8,0
t75316257_20170812_6911545.mp3,1.50E+12,2,836,9,90,99,84,52,0
t59999258_20170812_9446819.mp3,1.50E+12,2,116,6,15,18,48,40,1
t15573477_20170812_7379978.mp3,1.50E+12,2,107,19,20,15,90,85,0
t38928888_20170812_5383543.mp3,1.50E+12,1,183,12,28,23,73,44,0
t46167718_20170812_8713357.mp3,1.50E+12,1,221,17,31,35,89,60,0
t56131963_20170812_6468934.mp3,1.50E+12,2,278,25,27,28,25,89,0
t59694915_20170812_6431892.mp3,1.50E+12,2,268,11,32,32,55,73,0
t11239835_20170812_1656225.mp3,1.50E+12,1,71,7,13,13,47,14,1
t33914372_20170812_8415933.mp3,1.50E+12,2,268,1,42,38,52,38,0
t59491415_20170812_8869297.mp3,1.50E+12,2,194,17,18,16,48,5,0
t82225884_20170812_3173722.mp3,1.50E+12,2,208,25,25,24,20,67,0
t16758819_20170812_7156288.mp3,1.50E+12,2,736,18,71,89,2,12,0
t49497866_20170812_2133124.mp3,1.50E+12,2,268,5,36,37,6,52,0
t94715847_20170812_6572889.mp3,1.50E+12,2,279,2,40,37,86,78,0
t88818788_20170812_3673513.mp3,1.50E+12,2,168,9,18,22,54,73,0
t16774449_20170812_5295491.mp3,1.50E+12,2,233,16,34,28,91,91,0
t46524613_20170812_4358346.mp3,1.50E+12,2,300,4,42,33,87,69,0
t78483878_20170812_6564341.mp3,1.50E+12,2,116,7,15,18,57,87,0
t12516275_20170812_8943681.mp3,1.50E+12,2,143,26,17,13,76,79,0
t55496695_20170812_7921241.mp3,1.50E+12,2,174,6,18,17,26,23,0
t61892687_20170812_7824776.mp3,1.50E+12,2,102,28,15,12,42,74,0
t91129773_20170812_8739875.mp3,1.50E+12,2,421,17,52,57,41,32,0
t19578273_20170812_2876794.mp3,1.50E+12,2,239,29,29,24,82,61,0
t86434496_20170812_8195125.mp3,1.50E+12,2,102,19,15,12,38,77,0
t95348232_20170812_3511569.mp3,1.50E+12,1,741,5,96,96,1,45,0
t95554859_20170812_3187869.mp3,1.50E+12,2,225,4,35,29,28,47,0
t64441781_20170812_8793681.mp3,1.50E+12,2,233,25,34,28,75,78,0
t34538374_20170812_2826796.mp3,1.50E+12,2,183,25,28,23,26,54,0
t52989539_20170812_3143798.mp3,1.50E+12,2,171,24,25,28,87,58,1
t68565982_20170812_7843286.mp3,1.50E+12,2,517,9,69,58,5,42,1
t78127176_20170812_3817839.mp3,1.50E+12,2,548,22,52,52,95,93,0
t21197497_20170812_8234422.mp3,1.50E+12,2,344,2,58,44,18,97,0
t46741811_20170812_1697288.mp3,1.50E+12,2,107,2,20,15,88,63,0
t41422672_20170812_1649715.mp3,1.50E+12,2,279,9,39,32,58,53,1
t69896758_20170812_1528515.mp3,1.50E+12,1,176,4,26,26,51,26,0
t42645881_20170812_9294513.mp3,1.50E+12,2,670,17,90,89,32,70,0
t72519111_20170812_1851252.mp3,1.50E+12,2,78,27,14,11,50,11,0
t92175973_20170812_1224826.mp3,1.50E+12,2,824,9,72,114,83,91,0
t36189532_20170812_2688283.mp3,1.50E+12,2,174,19,18,17,76,35,0
t51398595_20170812_4983727.mp3,1.50E+12,2,451,16,43,46,95,46,1
t67231462_20170812_1248684.mp3,1.50E+12,2,169,23,12,13,67,54,0
t97723468_20170812_1357959.mp3,1.50E+12,2,1146,21,123,150,5,96,1
t35277489_20170812_8694353.mp3,1.50E+12,2,318,4,50,31,84,94,0
t91966351_20170812_5138723.mp3,1.50E+12,2,168,25,20,22,50,35,0
t79495374_20170812_4447991.mp3,1.50E+12,2,192,1,18,17,94,72,0
t51424383_20170812_4121925.mp3,1.50E+12,2,107,7,18,16,5,69,0
t79555332_20170812_4576217.mp3,1.50E+12,2,387,30,47,49,91,4,0
t98947483_20170812_4392798.mp3,1.50E+12,2,104,22,12,16,7,62,0
t75287583_20170812_7724894.mp3,1.50E+12,2,102,5,13,10,31,49,1
t88515598_20170812_9791998.mp3,1.50E+12,2,102,6,13,10,53,71,0
t71875858_20170812_3516737.mp3,1.50E+12,2,282,8,31,28,30,19,0
t74728796_20170812_2137353.mp3,1.50E+12,2,194,1,18,16,30,73,1
t89652993_20170812_6379748.mp3,1.50E+12,2,824,7,72,114,51,18,0
t11367312_20170812_4215877.mp3,1.50E+12,2,102,9,13,10,98,25,0
t12453543_20170812_3372754.mp3,1.50E+12,2,107,25,20,15,56,79,0
t58711276_20170812_3623836.mp3,1.50E+12,2,192,11,18,17,46,64,0
t11879815_20170812_2671953.mp3,1.50E+12,1,775,14,71,98,98,41,0
t53453838_20170812_6496134.mp3,1.50E+12,2,279,29,40,37,89,42,0
t56519484_20170812_4497448.mp3,1.50E+12,1,188,13,21,17,13,89,0
t51647222_20170812_8772717.mp3,1.50E+12,2,327,30,41,33,85,82,1
t24144243_20170812_6145475.mp3,1.50E+12,1,318,2,50,31,94,98,0
t53186362_20170812_9719265.mp3,1.50E+12,1,102,5,15,12,93,5,0
t15199945_20170812_1767654.mp3,1.50E+12,2,107,27,20,15,46,81,0
t18248762_20170812_3575114.mp3,1.50E+12,1,243,2,31,28,63,6,0
t44218782_20170812_8751779.mp3,1.50E+12,2,517,6,69,58,65,36,0
t72986795_20170812_4858339.mp3,1.50E+12,1,451,20,43,46,53,4,0
t61996866_20170812_6772585.mp3,1.50E+12,1,0,11,0,0,93,24,0
t35514923_20170812_3334656.mp3,1.50E+12,1,451,8,43,46,67,34,0
t12618367_20170812_1339687.mp3,1.50E+12,2,836,29,90,99,94,45,0
t18186448_20170812_7928139.mp3,1.50E+12,1,2200,23,178,338,70,7,1
t84527434_20170812_1211183.mp3,1.50E+12,1,295,30,39,37,85,8,0
t98881796_20170812_8487319.mp3,1.50E+12,1,421,26,52,57,67,44,0
t15524217_20170812_7342441.mp3,1.50E+12,2,186,13,26,26,60,72,0
t14978749_20170812_6955498.mp3,1.50E+12,1,310,26,36,28,57,20,0
t32358358_20170812_4411668.mp3,1.50E+12,2,2109,12,368,372,39,66,0
t26659149_20170812_5639817.mp3,1.50E+12,1,71,16,13,13,15,85,0
t27583862_20170812_4342945.mp3,1.50E+12,2,310,15,36,41,86,5,0
t22345741_20170812_9267863.mp3,1.50E+12,1,549,16,57,76,13,4,0
t91676622_20170812_3526283.mp3,1.50E+12,1,235,30,31,32,30,3,0
t19473397_20170812_3824817.mp3,1.50E+12,1,549,30,57,76,73,83,0
t81729569_20170812_3641817.mp3,1.50E+12,1,168,13,18,22,29,45,0
t86439235_20170812_4727963.mp3,1.50E+12,2,201,23,33,30,87,1,0
t56991749_20170812_3699535.mp3,1.50E+12,1,318,5,50,31,61,58,0
t21276563_20170812_7562293.mp3,1.50E+12,2,2109,25,368,372,20,31,0
t54376277_20170812_3982417.mp3,1.50E+12,2,282,17,31,28,46,84,0
t69162953_20170812_3854151.mp3,1.50E+12,2,548,15,52,52,2,59,0
t52665759_20170812_7254953.mp3,1.50E+12,1,387,1,47,49,24,82,0
t63853162_20170812_1173335.mp3,1.50E+12,2,309,15,33,27,4,7,0
t14932964_20170812_5648299.mp3,1.50E+12,2,300,29,38,33,32,72,0
t43116677_20170812_7595941.mp3,1.50E+12,2,409,6,49,56,45,16,0
t83885757_20170812_7825921.mp3,1.50E+12,2,168,11,18,22,8,40,0
t47312779_20170812_3791763.mp3,1.50E+12,2,310,25,36,28,82,12,0
t42434813_20170812_6696394.mp3,1.50E+12,1,981,9,73,136,33,5,0
t97118674_20170812_1454221.mp3,1.50E+12,1,176,25,26,26,92,24,0
t83193116_20170812_3941195.mp3,1.50E+12,1,221,16,29,25,3,66,0
t66334931_20170812_9812812.mp3,1.50E+12,2,174,22,18,17,93,62,0
t28345435_20170812_9758128.mp3,1.50E+12,2,846,2,113,137,5,44,0
t35531469_20170812_7663357.mp3,1.50E+12,2,467,29,48,88,16,30,0
t52264621_20170812_8496618.mp3,1.50E+12,2,107,21,20,15,76,30,1
t88296415_20170812_5422983.mp3,1.50E+12,2,1146,27,123,150,79,59,0
t27881835_20170812_2565936.mp3,1.50E+12,2,309,1,33,27,35,47,0
t47513992_20170812_1812589.mp3,1.50E+12,2,344,17,58,44,68,59,1
t42113858_20170812_1394149.mp3,1.50E+12,2,194,2,18,17,34,87,0
t57864333_20170812_7569724.mp3,1.50E+12,2,268,7,32,32,41,88,0
t96526252_20170812_1171465.mp3,1.50E+12,2,168,17,16,21,89,98,0
t54325951_20170812_1319671.mp3,1.50E+12,2,214,11,28,28,59,89,0
t89951198_20170812_5642737.mp3,1.50E+12,2,39,26,5,4,51,20,0
t22783747_20170812_5228218.mp3,1.50E+12,1,981,23,73,136,45,17,0
t96281471_20170812_2869345.mp3,1.50E+12,2,697,15,95,80,84,70,0
t84932183_20170812_9785372.mp3,1.50E+12,2,186,28,26,26,77,57,0
t46573445_20170812_1666455.mp3,1.50E+12,2,201,7,33,30,16,34,0
t29961635_20170812_7124548.mp3,1.50E+12,2,623,17,79,64,92,24,0
t67143547_20170812_2745618.mp3,1.50E+12,1,741,18,96,96,88,38,1
t88343729_20170812_6582745.mp3,1.50E+12,1,980,7,75,140,53,66,0
t62874368_20170812_3311153.mp3,1.50E+12,2,697,21,95,80,65,66,0
t86624191_20170812_3636736.mp3,1.50E+12,3,529,22,79,83,50,21,0
t38188442_20170812_6242138.mp3,1.50E+12,2,2109,22,376,360,48,88,0
t58841939_20170812_7835195.mp3,1.50E+12,2,107,22,20,15,70,55,0
t15184725_20170812_7967672.mp3,1.50E+12,3,506,25,56,53,81,70,0
t44932332_20170812_6522732.mp3,1.50E+12,3,143,6,17,13,28,93,0
t53961115_20170812_6867272.mp3,1.50E+12,3,233,4,38,25,19,24,1
t17264855_20170812_9838886.mp3,1.50E+12,3,233,13,38,25,41,35,0
t29695896_20170812_9184519.mp3,1.50E+12,2,799,28,58,78,10,49,0
t28656278_20170812_2313366.mp3,1.50E+12,3,221,4,31,39,94,87,1
t35151815_20170812_7721772.mp3,1.50E+12,3,422,25,35,30,49,3,0
t45966936_20170812_2542282.mp3,1.50E+12,3,233,20,38,25,68,27,0
t73457957_20170812_3486276.mp3,1.50E+12,1,259,13,38,33,57,78,0
t12938498_20170812_9561925.mp3,1.50E+12,2,736,1,71,89,4,95,0
t29818184_20170812_8875519.mp3,1.50E+12,2,799,19,68,84,82,24,0
t73771156_20170812_6734228.mp3,1.50E+12,3,105,20,14,15,86,9,0
t88558952_20170812_3892541.mp3,1.50E+12,2,670,3,90,89,95,59,0
t26763167_20170812_8958598.mp3,1.50E+12,3,318,7,50,31,78,86,1
t87924811_20170812_2718497.mp3,1.50E+12,3,119,22,15,10,94,60,0
t38189226_20170812_1479219.mp3,1.50E+12,3,92,4,10,5,23,89,0
t43742531_20170812_7848463.mp3,1.50E+12,2,753,9,100,59,66,34,0
t43985297_20170812_8913563.mp3,1.50E+12,2,2109,28,368,372,36,96,0
t77936883_20170812_8817956.mp3,1.50E+12,3,171,5,21,11,58,9,0
t51223274_20170812_5279498.mp3,1.50E+12,1,741,27,96,96,57,47,0
t57852265_20170812_2163665.mp3,1.50E+12,3,176,28,18,14,45,23,0
t14828261_20170812_4419589.mp3,1.50E+12,2,208,25,29,21,21,55,0
t94116835_20170812_2887962.mp3,1.50E+12,2,300,30,42,33,85,83,1
t45421634_20170812_8773327.mp3,1.50E+12,3,168,21,20,22,66,2,0
t49483329_20170812_1484355.mp3,1.50E+12,3,421,22,52,57,87,15,0
t65932941_20170812_1776367.mp3,1.50E+12,3,295,4,39,37,39,54,0
t54957433_20170812_2932746.mp3,1.50E+12,3,529,28,79,83,32,48,0
t62961743_20170812_3141426.mp3,1.50E+12,2,194,26,18,17,8,52,0
t78348365_20170812_7963251.mp3,1.50E+12,2,208,25,29,21,32,46,0
t24581256_20170812_9151373.mp3,1.50E+12,2,310,7,36,41,1,19,0
t96135869_20170812_8931813.mp3,1.50E+12,3,168,7,14,18,12,25,0
t27789924_20170812_9488248.mp3,1.50E+12,1,176,6,26,26,89,35,0
t15258859_20170812_1686514.mp3,1.50E+12,3,243,17,31,28,43,93,0